 Spin-polarized + s-o calculation, M||  1.000  0.000  0.000
 irtest           1           5   2.5000000000000031
 Density matrix UPUP block, real part.  L= 3                                   
         0.99325  0.00000 -0.00016  0.00000  0.00009  0.00000  0.00029
         0.00000  0.99284  0.00000 -0.00032  0.00000  0.00016  0.00000
        -0.00016  0.00000  0.99202  0.00000 -0.00040  0.00000  0.00009
         0.00000 -0.00032  0.00000  0.99194  0.00000 -0.00032  0.00000
         0.00009  0.00000 -0.00040  0.00000  0.99202  0.00000 -0.00016
         0.00000  0.00016  0.00000 -0.00032  0.00000  0.99284  0.00000
         0.00029  0.00000  0.00009  0.00000 -0.00016  0.00000  0.99325
 Density matrix UPUP block, imag part 
         0.00000  0.00000 -0.00022  0.00000 -0.00017  0.00000  0.00000
         0.00000  0.00000  0.00000 -0.00048  0.00000 -0.00028  0.00000
         0.00022  0.00000  0.00000  0.00000 -0.00069  0.00000 -0.00017
         0.00000  0.00048  0.00000  0.00000  0.00000 -0.00048  0.00000
         0.00017  0.00000  0.00069  0.00000  0.00000  0.00000 -0.00022
         0.00000  0.00028  0.00000  0.00048  0.00000  0.00000  0.00000
         0.00000  0.00000  0.00017  0.00000  0.00022  0.00000  0.00000
 
:TRA005:  TRACE of UPUP MATRIX=   6.94821   0.00000
:POM005UP:Partial ORBITAL MOMENT in global orthog. system= -0.00073  0.00043  0.00000
 
 
 Density matrix UPDN block, real part.  L= 3                                   
        -0.02688 -0.00768  0.00160  0.00000 -0.00160 -0.00160 -0.00065
         0.01127 -0.01536 -0.00771  0.00320  0.00000 -0.00160 -0.00100
         0.00032  0.01536 -0.00544 -0.00960  0.00224  0.00000 -0.00064
         0.00000 -0.00032  0.01408  0.00000 -0.01408  0.00032  0.00000
         0.00064  0.00000 -0.00224  0.00960  0.00544 -0.01536 -0.00032
         0.00100  0.00160  0.00000 -0.00320  0.00771  0.01536 -0.01127
         0.00065  0.00160  0.00160  0.00000 -0.00160  0.00768  0.02688
 Density matrix UPDN block, imag part 
         0.00000 -0.00448  0.00288  0.00352  0.00288  0.00096  0.00000
        -0.00649  0.00000 -0.00448  0.00544  0.00512  0.00288  0.00064
        -0.00064 -0.00896  0.00000 -0.00570  0.00416  0.00224  0.00096
        -0.00032  0.00064 -0.00832  0.00000 -0.00832  0.00064 -0.00032
         0.00096  0.00224  0.00416 -0.00570  0.00000 -0.00896 -0.00064
         0.00064  0.00288  0.00512  0.00544 -0.00448  0.00000 -0.00649
         0.00000  0.00096  0.00288  0.00352  0.00288 -0.00448  0.00000
 
:TRA005:  TRACE of UPDN MATRIX=   0.00000   0.00000
 
 
 Density matrix DNDN block, real part.  L= 3                                   
         0.02280  0.03249  0.02929  0.00001 -0.02966 -0.03233 -0.01377
         0.03249  0.09655  0.12574  0.08310  0.00000 -0.04569 -0.03233
         0.02929  0.12574  0.23406  0.22974  0.11479  0.00000 -0.02966
         0.00001  0.08310  0.22974  0.30982  0.22975  0.08310  0.00001
        -0.02966  0.00000  0.11479  0.22975  0.23406  0.12574  0.02929
        -0.03233 -0.04569  0.00000  0.08310  0.12574  0.09655  0.03249
        -0.01377 -0.03233 -0.02966  0.00001  0.02929  0.03249  0.02280
 Density matrix DNDN block, imag part 
         0.00000  0.01878  0.05082  0.06826  0.05143  0.01865 -0.00001
        -0.01878  0.00000  0.07260  0.14396  0.14496  0.07910  0.01866
        -0.05082 -0.07260  0.00000  0.13266  0.19882  0.14496  0.05143
        -0.06826 -0.14396 -0.13266  0.00000  0.13266  0.14395  0.06826
        -0.05143 -0.14496 -0.19882 -0.13266  0.00000  0.07260  0.05082
        -0.01865 -0.07910 -0.14496 -0.14395 -0.07260  0.00000  0.01878
         0.00001 -0.01866 -0.05143 -0.06826 -0.05082 -0.01878  0.00000
 
:TRA005:  TRACE of DNDN MATRIX=   1.01667   0.00000
:POM005DN:Partial ORBITAL MOMENT in global orthog. system=  2.54614 -1.47003  0.00000
 
 
 
:ORB005:  ORBITAL MOMENT:  2.54538 -1.46960  0.00000 PROJECTION ON M  2.93916
:SPI005:  SPIN MOMENT:   5.13687  -2.96576   0.00000 PROJECTION ON M  5.93154
